144
4.822531E-5 4.822531E-5 4.822531E-5 4.822531E-5 4.822531E-5 4.822531E-5 4.822531E-5 4.822531E-5 4.822531E-5 4.822531E-5 4.822531E-5 4.822531E-5 
4.822531E-5 4.822531E-5 4.822531E-5 4.822531E-5 4.822531E-5 4.822531E-5 4.822531E-5 4.822531E-5 4.822531E-5 4.822531E-5 4.822531E-5 4.822531E-5 
4.822531E-5 4.822531E-5 4.822531E-5 4.822531E-5 4.822531E-5 4.822531E-5 4.822531E-5 4.822531E-5 4.822531E-5 4.822531E-5 4.822531E-5 4.822531E-5 
4.822531E-5 4.822531E-5 4.822531E-5 4.822531E-5 4.822531E-5 4.822531E-5 4.822531E-5 4.822531E-5 4.822531E-5 4.822531E-5 4.822531E-5 4.822531E-5 
4.822531E-5 4.822531E-5 4.822531E-5 4.822531E-5 4.822531E-5 4.822531E-5 4.822531E-5 4.822531E-5 4.822531E-5 4.822531E-5 4.822531E-5 4.822531E-5 
4.822531E-5 4.822531E-5 4.822531E-5 4.822531E-5 4.822531E-5 4.822531E-5 4.822531E-5 4.822531E-5 4.822531E-5 4.822531E-5 4.822531E-5 4.822531E-5 
4.822531E-5 4.822531E-5 4.822531E-5 4.822531E-5 4.822531E-5 4.822531E-5 4.822531E-5 4.822531E-5 4.822531E-5 4.822531E-5 4.822531E-5 4.822531E-5 
4.822531E-5 4.822531E-5 4.822531E-5 4.822531E-5 4.822531E-5 4.822531E-5 4.822531E-5 4.822531E-5 4.822531E-5 4.822531E-5 4.822531E-5 4.822531E-5 
4.822531E-5 4.822531E-5 4.822531E-5 4.822531E-5 4.822531E-5 4.822531E-5 4.822531E-5 4.822531E-5 4.822531E-5 4.822531E-5 4.822531E-5 4.822531E-5 
4.822531E-5 4.822531E-5 4.822531E-5 4.822531E-5 4.822531E-5 4.822531E-5 4.822531E-5 4.822531E-5 4.822531E-5 4.822531E-5 4.822531E-5 4.822531E-5 
4.822531E-5 4.822531E-5 4.822531E-5 4.822531E-5 4.822531E-5 4.822531E-5 4.822531E-5 4.822531E-5 4.822531E-5 4.822531E-5 4.822531E-5 4.822531E-5 
4.822531E-5 4.822531E-5 4.822531E-5 4.822531E-5 4.822531E-5 4.822531E-5 4.822531E-5 4.822531E-5 4.822531E-5 4.822531E-5 4.822531E-5 4.822531E-5 